0000000000000000000000000000000100000000000000000000000011111111
0000000000000000000000000000100100000000000000000000000000000001
0000000000000000000000000000001100000000000000000000000011110000
1111111111111111111111111111111011111111111111111111111100010000
0000000000000000000000000000001100000000000000000000000011110000
0000000000000000000000000000001100000000000000000000000011110010
0000000000000000000000000000000100000000000000000000000011111111
0000000000000000000000000000100100000000000000000000000000000010
0000000000000000000000000000001100000000000000000000000011110001
1111111111111111111111111111111011111111111111111111111100001111
0000000000000000000000000000001100000000000000000000000011110001
0000000000000000000000000000100000000000000000000000000000000001
0000000000000000000000000000001100000000000000000000000011110011
0000000000000000000000000000000100000000000000000000000011110000
0000000000000000000000000000010100000000000000000000000011110001
0000000000000000000000000000100100000000000000000000000000000001
0000000000000000000000000000001100000000000000000000000011110100
0000000000000000000000000001010000000000000000000000000011110100
0000000000000000000000000001001000000000000000000000000000000000
0000000000000000000000000001101100000000000000000000000001010100
1111111111111111111111111111111011111111111111111111111100001111
0000000000000000000000000000001100000000000000000000000011110100
0000000000000000000000000000000100000000000000000000000011110010
0000000000000000000000000000010100000000000000000000000011110011
0000000000000000000000000000001100000000000000000000000011110101
0000000000000000000000000001010000000000000000000000000011110101
0000000000000000000000000001001000000000000000000000000000000000
0000000000000000000000000001101100000000000000000000000000101111
0000000000000000000000000000000100000000000000000000000011110100
1111111111111111111111111111101011111111111111111111111100001101
0000000000000000000000000000001100000000000000000000000011110101
0000000000000000000000000001010000000000000000000000000011110101
0000000000000000000000000001101100000000000000000000000000101011
1111111111111111111111111111111011111111111111111111111100001101
0000000000000000000000000000001100000000000000000000000011110101
1111111111111111111111111111111011111111111111111111111100001110
1111111111111111111111111111110011111111111111111111111100001101
0000000000000000000000000000000100000000000000000000000011110101
1111111111111111111111111111110011111111111111111111111100001110
0000000000000000000000000000000100000000000000000000000011110010
0000000000000000000000000000100100000000000000000000000000000001
0000000000000000000000000000001100000000000000000000000011110010
0000000000000000000000000001101000000000000000000000000000010110
0000000000000000000000000000000100000000000000000000000011110011
0000000000000000000000000000100000000000000000000000000000000001
0000000000000000000000000000001100000000000000000000000011110011
0000000000000000000000000001101000000000000000000000000000010110
1111111111111111111111111111111011111111111111111111111100001110
1111111111111111111111111111110011111111111111111111111100001111
0000000000000000000000000000000100000000000000000000000011110100
1111111111111111111111111111110011111111111111111111111100001110
0000000000000000000000000000001000000000000000000000000001010100
1111111111111111111111111111110011111111111111111111111100000001
0000000000000000000000000000000100000000000000000000000011111111
0000000000000000000000000000100000000000000000000000000000000001
0000000000000000000000000000001100000000000000000000000011111111
0000000000000000000000000000000100000000000000000000000011110001
1111111111111111111111111111110011111111111111111111111100000001
0000000000000000000000000000000100000000000000000000000011111111
0000000000000000000000000000100000000000000000000000000000000001
0000000000000000000000000000001100000000000000000000000011111111
0000000000000000000000000000000100000000000000000000000011110010
0000000000000000000000000000100100000000000000000000000000000001
1111111111111111111111111111110011111111111111111111111100000001
0000000000000000000000000000000100000000000000000000000011111111
0000000000000000000000000000100000000000000000000000000000000001
0000000000000000000000000000001100000000000000000000000011111111
0000000000000000000000000000001000000000000000000000000001010011
1111111111111111111111111111110011111111111111111111111100000001
0000000000000000000000000000000100000000000000000000000011111111
0000000000000000000000000000100000000000000000000000000000000001
0000000000000000000000000000001100000000000000000000000011111111
0000000000000000000000000000000100000000000000000000000011110010
0000000000000000000000000000100000000000000000000000000000000001
1111111111111111111111111111110011111111111111111111111100000001
0000000000000000000000000000000100000000000000000000000011111111
0000000000000000000000000000100000000000000000000000000000000001
0000000000000000000000000000001100000000000000000000000011111111
0000000000000000000000000000000100000000000000000000000011110000
1111111111111111111111111111110011111111111111111111111100000001
0000000000000000000000000000000100000000000000000000000011111111
0000000000000000000000000000100000000000000000000000000000000001
0000000000000000000000000000001100000000000000000000000011111111
0000000000000000000000000001101000000000000000000000000000000000
0000000000000000000000000000000100000000000000000000000011111111
0000000000000000000000000000100100000000000000000000000000000011
0000000000000000000000000000001100000000000000000000000011111111
1111111111111111111111111111111011111111111111111111111100000001
0000000000000000000000000000001100000000000000000000000011110000
1111111111111111111111111110010111111111111111111111111100010000
0000000000000000000000000001111100000000000000000000000000000000
1111111111111111111111111111111111111111111111111111111111111111
0000000000000000000000000000001000000000000000000000000011011111
0000000000000000000000001111111100000000000000000000000000000011
0000000000000000000000001010000000000000000000000000000001000111
0000000000000000000000001010000100000000000000000000000001010100
0000000000000000000000001010001000000000000000000000000000111001
0000000000000000000000001010001100000000000000000000000001000010
0000000000000000000000001010010000000000000000000000000000000101
0000000000000000000000001010010100000000000000000000000001000101
0000000000000000000000001010011000000000000000000000000001100011
0000000000000000000000001010011100000000000000000000000001000000
0000000000000000000000001010100000000000000000000000000000100000
0000000000000000000000001010100100000000000000000000000001001000
0000000000000000000000001010101000000000000000000000000001100000
0000000000000000000000001010101100000000000000000000000000010111
0000000000000000000000001010110000000000000000000000000001010010
0000000000000000000000001010110100000000000000000000000000110010
0000000000000000000000001010111000000000000000000000000000010010
0000000000000000000000001010111100000000000000000000000000100111
0000000000000000000000001011000000000000000000000000000001010001
0000000000000000000000001011000100000000000000000000000001001001
0000000000000000000000001011001000000000000000000000000001010000
0000000000000000000000000000000000000000000000000000000001011010
0000000000000000000000000000000100000000000000000000000010100000
0000000000000000000000001011001100000000000000000000000000110110
0000000000000000000000001011010000000000000000000000000000000110
0000000000000000000000001011010100000000000000000000000000000111
0000000000000000000000001011011000000000000000000000000000101000
0000000000000000000000001011011100000000000000000000000000010101
0000000000000000000000001011100000000000000000000000000000011001
0000000000000000000000001011100100000000000000000000000001100100
0000000000000000000000001011101000000000000000000000000000110000
0000000000000000000000001011101100000000000000000000000000100001
0000000000000000000000001011110000000000000000000000000001010110
0000000000000000000000001011110100000000000000000000000000000100
0000000000000000000000001011111000000000000000000000000001000011
0000000000000000000000001011111100000000000000000000000000100100
0000000000000000000000001100000000000000000000000000000001000100
0000000000000000000000001100000100000000000000000000000000010011
0000000000000000000000001100001000000000000000000000000001011001
0000000000000000000000001100001100000000000000000000000001011000
0000000000000000000000001100010000000000000000000000000000001000
0000000000000000000000001100010100000000000000000000000000100011
0000000000000000000000001100011000000000000000000000000000010100
0000000000000000000000001100011100000000000000000000000000110100
0000000000000000000000001100100000000000000000000000000000000011
0000000000000000000000001100100100000000000000000000000001010011
0000000000000000000000001100101000000000000000000000000000011000
0000000000000000000000001100101100000000000000000000000001100010
0000000000000000000000001100110000000000000000000000000000110011
0000000000000000000000001100110100000000000000000000000000110111
0000000000000000000000001100111000000000000000000000000001100001
0000000000000000000000001100111100000000000000000000000000010000
0000000000000000000000001101000000000000000000000000000000000010
0000000000000000000000001101000100000000000000000000000000101001
0000000000000000000000001101001000000000000000000000000001000110
0000000000000000000000001101001100000000000000000000000001010111
0000000000000000000000001101010000000000000000000000000000111000
0000000000000000000000001101010100000000000000000000000001000001
0000000000000000000000001101011000000000000000000000000000000001
0000000000000000000000001101011100000000000000000000000000100110
0000000000000000000000001101100000000000000000000000000000010110
0000000000000000000000001101100100000000000000000000000000110101
0000000000000000000000001101101000000000000000000000000000010001
0000000000000000000000001101101100000000000000000000000001010101
0000000000000000000000001101110000000000000000000000000000100010
0000000000000000000000001101110100000000000000000000000000001001
0000000000000000000000001101111000000000000000000000000000100101
0000000000000000000000001101111100000000000000000000000000110001
